# Age groups:  0to9 10to19 20to29 30to39 40to49 50to59 60to69 70to100C: 
matrix:  # Unnormalized contact matrix 
- [1.14254471871631, 0.126439684412323, 0.0353749597652072, 0.106736939258122, 0.0928789763219323, 0.130391896960507, 0.0175754024801898, 8.68958492587997e-05] 
- [0.126439684412323, 2.88407596706098, 0.12307674904548, 0.0970738335146058, 0.188652464520307, 0.249713076432844, 0.0252029726076922, 4.5578889386952e-05] 
- [0.0353749597652072, 0.12307674904548, 0.167237414993413, 0.0332514267842826, 0.0223597234239094, 0.0170145568652044, 0.00312569614237546, 0.000481691747925294] 
- [0.106736939258122, 0.0970738335146058, 0.0332514267842826, 0.0524833539522054, 0.0394091756060635, 0.0238189075490732, 0.00877085743794222, 4.13697560525298e-49] 
- [0.0928789763219323, 0.188652464520307, 0.0223597234239094, 0.0394091756060635, 0.0435465629364556, 0.0408269774528372, 0.00737983153173077, 1.20377278837847e-68] 
- [0.130391896960507, 0.249713076432844, 0.0170145568652044, 0.0238189075490732, 0.0408269774528372, 0.0353037318880641, 0.009705577276757, 0.000386396207683514] 
- [0.0175754024801898, 0.0252029726076922, 0.00312569614237546, 0.00877085743794222, 0.00737983153173077, 0.009705577276757, 0.015983707262241, 0.00278132148686249] 
- [0.0175754024801898, 0.0252029726076922, 0.00312569614237546, 0.00877085743794222, 0.00737983153173077, 0.009705577276757, 0.00393944954311773, 0.0073238652869018]