# Age groups:  0to9 10to19 20to29 30to39 40to49 50to59 60to69 70to100C: 
matrix:  # Unnormalized contact matrix 
- [0.610931252214093, 0.24885953289032, 0.190922793352514, 0.56260760323181, 0.251507260636413, 0.141465493877569, 0.163581184136648, 0.00364190676432499] 
- [0.24885953289032, 0.918573418653299, 0.114053312615379, 0.266625576549856, 0.468713621119542, 0.20615583315751, 0.170870494841054, 0.00513244794271638] 
- [0.190922793352514, 0.114053312615379, 0.660591407384573, 0.0824082580000743, 0.136662474161455, 0.228547496156401, 0.0753466748182072, 0.00314014203204137] 
- [0.56260760323181, 0.266625576549856, 0.0824082580000743, 0.533735139591843, 0.0894052333794015, 0.0743665373920333, 0.119541211075762, 0.00356200630560787] 
- [0.251507260636413, 0.468713621119542, 0.136662474161455, 0.0894052333794015, 0.443902194079916, 0.0836825192952172, 0.120068105535806, 0.00992058702319106] 
- [0.141465493877569, 0.20615583315751, 0.228547496156401, 0.0743665373920333, 0.0836825192952172, 0.483132057947828, 0.0970339258510619, 0.0116162483958776] 
- [0.163581184136648, 0.170870494841054, 0.0753466748182072, 0.119541211075762, 0.120068105535806, 0.0970339258510619, 0.378258755446583, 0.0301573069851203] 
- [0.163581184136648, 0.170870494841054, 0.0753466748182072, 0.119541211075762, 0.120068105535806, 0.0970339258510619, 0.0844762611325475, 0.227789870968001]