# Age groups:  0to9 10to19 20to29 30to39 40to49 50to59 60to69 70to100C: 
matrix:  # Unnormalized contact matrix 
- [0, 0, 0, 0, 0, 0, 2.03848504291307e-06, 3.01462875383937e-06] 
- [0, 0.193621268796173, 0.212756013206925, 0.158483645323245, 0.152970527374526, 0.094422794681982, 0.00512975957240923, 1.95443398097382e-06] 
- [0, 0.212756013206925, 0.86563196820574, 0.693035969997453, 0.552740484786371, 0.322934177910804, 0.0230425829403064, 7.53420132271644e-06] 
- [0, 0.158483645323245, 0.693035969997453, 1.00212266817152, 0.855094187299957, 0.48305437681386, 0.0305663224371847, 5.68797520045113e-06] 
- [0, 0.152970527374526, 0.552740484786371, 0.855094187299957, 0.945407838366516, 0.592336449961154, 0.0348303096842973, 1.00346576113862e-05] 
- [0, 0.094422794681982, 0.322934177910804, 0.48305437681386, 0.592336449961154, 0.455821887939477, 0.0268836599567761, 8.80713695570567e-06] 
- [2.03848504291307e-06, 0.00512975957240923, 0.0230425829403064, 0.0305663224371847, 0.0348303096842973, 0.0268836599567761, 0.0034875849717547, 1.49795910089621e-05] 
- [2.03848504291307e-06, 0.00512975957240923, 0.0230425829403064, 0.0305663224371847, 0.0348303096842973, 0.0268836599567761, 1.33116561888771e-05, 1.0683428383127e-05]