# Age groups:  0to9 10to19 20to29 30to39 40to49 50to59 60to69 70to100C: 
matrix:  # Unnormalized contact matrix 
- [0.765419231158952, 0.272996681971141, 0.177557072485133, 0.253164391186687, 0.15967083950423, 0.140557133532155, 0.0783923323715898, 0.0470077724932306] 
- [0.272996681971141, 1.86165508833939, 0.437675766350638, 0.205782331864682, 0.232282396707019, 0.134545832997867, 0.0684045355686934, 0.0373861540543634] 
- [0.177557072485133, 0.437675766350638, 1.16626927192269, 0.427144649428337, 0.278367718755494, 0.290543016760341, 0.12742017910892, 0.0302373967068381] 
- [0.253164391186687, 0.205782331864682, 0.427144649428337, 0.605391052694807, 0.38392502959103, 0.317677774731844, 0.205825426217499, 0.0419770662995578] 
- [0.15967083950423, 0.232282396707019, 0.278367718755494, 0.38392502959103, 0.427667939542649, 0.317705714371012, 0.203458701652013, 0.0516669827475539] 
- [0.140557133532155, 0.134545832997867, 0.290543016760341, 0.317677774731844, 0.317705714371012, 0.434801911172242, 0.238885341403402, 0.0647207075096515] 
- [0.0783923323715898, 0.0684045355686934, 0.12742017910892, 0.205825426217499, 0.203458701652013, 0.238885341403402, 0.309422377882905, 0.11390671010051] 
- [0.0783923323715898, 0.0684045355686934, 0.12742017910892, 0.205825426217499, 0.203458701652013, 0.238885341403402, 0.25080306628844, 0.151699393818839]