# Age groups:  0to9 10to19 20to29 30to39 40to49 50to59 60to69 70to100C: 
matrix:  # Unnormalized contact matrix 
- [2.51889520208936, 0.648295899273784, 0.403854825602855, 0.922508933676619, 0.504057076462576, 0.41241452437023, 0.259550957473471, 0.0507395897355682] 
- [0.648295899273784, 5.85792574284984, 0.887561841218422, 0.727965387252388, 1.04261900972139, 0.684837537270203, 0.269607762589848, 0.0425661353204477] 
- [0.403854825602855, 0.887561841218422, 2.85973006250642, 1.23584030421015, 0.990130401127229, 0.859039247692751, 0.228935133009809, 0.0338667646881275] 
- [0.922508933676619, 0.727965387252388, 1.23584030421015, 2.19373221441038, 1.36783362587645, 0.89891759648681, 0.364703817168388, 0.0455447605803661] 
- [0.504057076462576, 1.04261900972139, 0.990130401127229, 1.36783362587645, 1.86052453492554, 1.03455166108022, 0.365736948403847, 0.0615976044283563] 
- [0.41241452437023, 0.684837537270203, 0.859039247692751, 0.89891759648681, 1.03455166108022, 1.40905958894761, 0.372508504487997, 0.0767321592501683] 
- [0.259550957473471, 0.269607762589848, 0.228935133009809, 0.364703817168388, 0.365736948403847, 0.372508504487997, 0.707152425563484, 0.146860318163502] 
- [0.259550957473471, 0.269607762589848, 0.228935133009809, 0.364703817168388, 0.365736948403847, 0.372508504487997, 0.339232088620295, 0.386823813502125]