experiment_setup_parameters:
  'number_of_samples': 2
  'number_of_runs': 1
  age_bins:
    - age0to9
    - age10to19
    - age20to29
    - age30to39
    - age40to49
    - age50to59
    - age60to69
    - age70to100
fixed_parameters_region_specific:
  N:
    expand_by_age: True
    #'NMH_catchment': 
    #'Chicago': ,
    #'IL': , 
    'EMS_1': [78641, 91701, 94681, 89371, 92396, 110878, 92988, 89076]
    'EMS_2': [114210, 132626, 150792, 141161, 140827, 170321, 143642, 135817]
    'EMS_3': [57069, 71489, 76506, 71437, 79844, 101522, 82573, 81032]
    'EMS_4': [72063, 84167, 89843, 88706, 89248, 110692, 87058, 79757]
    'EMS_5': [41533, 48068, 55005, 48713, 49212, 64576, 54930, 57281]
    'EMS_6': [78524, 92005, 119387, 96035, 94670, 117353, 99559, 94750]
    'EMS_7': [208260, 251603, 217013, 238956, 251248, 280849, 206843, 171112]
    'EMS_8': [187495, 218993, 204630, 235119, 233866, 258661, 190207, 154577]
    'EMS_9': [223250, 259507, 232036, 274367, 284363, 307266, 221915, 177803]
    'EMS_10': [113783, 138714, 118833, 134124, 147069, 166857, 127055, 111866]
    'EMS_11': [326312, 330144, 432323, 457425, 349783, 347788, 270747, 230158]
fixed_parameters_global:
  initialAs:
    expand_by_age: True
    list: [3, 3, 3, 3, 3, 3, 3, 3]
  speciesS:
    expand_by_age: True
    custom_function: subtract
    function_kwargs: {'x1': N, 'x2': initialAs}
  C:
    ### Placeholder values,need update
    matrix:
      - [0.425, 0.109, 0.068, 0.155, 0.425, 0.109, 0.068, 0.155]
      - [0.109, 0.989, 0.150, 0.122, 0.109, 0.989, 0.150, 0.122]
      - [0.068, 0.150, 0.483, 0.208, 0.068, 0.150, 0.483, 0.208]
      - [0.155, 0.122, 0.208, 0.369, 0.155, 0.122, 0.208, 0.369]
      - [0.425, 0.109, 0.068, 0.155, 0.425, 0.109, 0.068, 0.155]
      - [0.109, 0.989, 0.150, 0.122, 0.109, 0.989, 0.150, 0.122]
      - [0.068, 0.150, 0.483, 0.208, 0.068, 0.150, 0.483, 0.208]
      - [0.155, 0.122, 0.208, 0.369, 0.155, 0.122, 0.208, 0.369]
sampled_parameters:
  'incubation_pd':
    np.random: uniform
    function_kwargs: {'low': 1, 'high': 2}
fitted_parameters:
